Introducing contestants...
* Player 1, weighing 681 bytes, "HoneyBadger" ("This is where I'd put the forks. IF I HAD ANY") !
* Player 2, weighing 3 bytes, "zork" ("I'M ALIIIIVE") !
* Player 3, weighing 670 bytes, "King Sombra" ("Crystal empire is mine!") !
* Player 4, weighing 682 bytes, "🎂" ("🎂") !
0x0000 : 00 ee 02 0b 64 10 01 28 02 0b 64 10 01 62 02 01 ff ff ff fc 01 00 00 00 02 0b 64 10 01 92 02 00 00 00 00 00 00 00 00 00 00 00 00 0b 64 10 00 00 00 00 00 10 00 ee 02 00 00 00 00 28 02 0b 64 00 
0x0040 : 00 00 00 01 ff ff ff 00 00 00 00 00 02 0b 64 00 00 00 00 00 00 00 00 00 00 00 00 00 00 00 00 10 00 ee 02 00 00 00 00 28 02 0b 64 00 00 00 00 01 ff ff ff 00 00 00 00 00 02 0b 64 00 00 00 00 00 
0x0080 : 00 00 00 00 00 00 00 ba 01 00 00 0b 64 10 00 b4 02 0b 64 10 00 ee 02 0b 64 10 01 28 02 0b 64 00 00 00 00 01 ff ff ff 00 00 00 00 00 02 0b 64 00 00 00 00 0b 64 10 01 00 00 00 00 ba 01 00 00 00 
0x00c0 : 00 00 00 40 02 0b 64 00 00 00 00 0b 64 10 00 00 00 00 00 00 00 00 00 0b 64 10 01 00 00 00 00 00 00 00 00 00 00 00 00 00 00 00 00 00 00 00 00 00 00 00 00 00 00 00 00 00 00 00 00 00 00 00 00 00 
0x0100 : 00 00 00 00 00 00 00 00 00 00 00 0b 64 10 00 00 00 00 00 00 00 00 00 0b 64 10 01 00 00 00 00 00 00 00 00 00 00 00 00 fc 01 00 00 00 00 00 00 10 01 92 02 00 00 00 00 c0 02 09 01 00 00 00 00 00 
0x0140 : 00 00 00 00 00 00 00 ba 01 00 00 0b 64 10 00 40 02 0b 64 10 00 7a 02 0b 64 10 00 b4 02 0b 64 10 00 ee 02 0b 64 10 01 28 02 0b 64 10 01 62 02 01 ff ff ff fc 01 00 00 00 02 0b 64 10 01 92 02 0b 
0x0180 : 64 10 01 c0 02 09 01 ba 01 00 00 0b 64 10 00 b4 02 0b 64 10 00 ee 02 0b 64 10 01 28 02 0b 64 10 01 62 02 01 ff ff ff fc 01 00 00 0b 64 10 00 10 01 92 02 00 00 00 00 c0 02 09 01 00 00 00 00 0b 
0x01c0 : 64 10 00 00 00 00 00 10 00 7a 02 00 00 00 00 b4 02 0b 64 00 00 00 00 0b 64 10 01 00 00 00 00 10 01 62 02 00 00 00 00 ba 01 00 00 00 02 0b 64 10 01 92 02 0b 64 10 01 c0 02 09 01 00 00 00 00 0b 
0x0200 : 64 10 00 40 02 0b 64 10 00 7a 02 0b 64 10 00 b4 02 0b 64 10 00 ee 02 0b 64 10 01 28 02 0b 64 10 01 62 02 01 ff ff ff fc 01 00 00 00 02 0b 64 10 01 92 02 0b 64 10 00 40 02 0b 64 10 00 7a 02 00 
0x0240 : 00 00 00 40 02 0b 64 10 00 7a 02 0b 64 10 00 b4 02 0b 64 10 00 ee 02 0b 64 10 01 28 02 0b 64 10 01 62 02 01 ff ff ff fc 01 00 00 00 02 0b 64 10 01 92 02 0b 64 10 01 c0 02 09 01 ba 01 00 00 0b 
0x0280 : 64 10 00 b4 02 0b 64 10 00 ee 02 0b 64 10 01 28 02 0b 64 10 01 62 02 01 ff ff ff fc 01 00 00 00 02 0b 64 10 01 92 02 0b 64 10 01 c0 02 09 01 ba 01 00 00 0b 64 10 00 40 02 0b 64 10 00 7a 02 0b 
0x02c0 : 64 10 00 b4 02 0b 64 10 00 ee 02 00 00 00 00 40 02 0b 64 10 00 7a 02 0b 64 10 00 b4 02 0b 64 10 00 ee 02 0b 64 10 01 28 02 0b 64 10 01 62 02 01 ff ff ff fc 01 00 00 00 02 0b 64 10 01 92 02 0b 
0x0300 : 64 10 01 c0 02 09 01 10 00 7a 02 0b 64 10 00 40 02 0b 64 10 00 7a 02 0b 64 10 00 b4 02 0b 64 10 00 ee 02 0b 64 10 01 28 02 0b 64 00 00 00 00 01 ff ff ff fc 01 00 00 00 02 0b 64 10 01 92 02 0b 
0x0340 : 64 10 00 40 02 0b 64 ba 01 00 00 0b 64 10 00 b4 02 0b 64 10 00 ee 02 0b 64 10 01 28 02 0b 64 00 00 00 00 01 ff ff ff fc 01 00 00 00 02 0b 64 10 01 92 02 0b 64 10 01 c0 02 09 01 ba 01 00 00 0b 
0x0380 : 64 10 00 b4 02 0b 64 10 00 ee 02 0b 64 10 01 28 02 0b 64 10 01 62 02 01 ff ff ff fc 01 00 00 00 02 0b 64 10 01 92 02 0b 64 10 01 c0 02 09 01 ba 01 00 00 0b 64 10 00 40 02 0b 64 10 00 7a 02 0b 
0x03c0 : 64 10 00 b4 02 0b 64 10 00 ee 02 0b 64 10 01 28 02 0b 64 10 01 62 02 01 ff ff ff fc 01 00 00 00 02 0b 64 10 01 92 02 0b 64 10 01 c0 02 09 01 28 02 0b 64 0b 64 10 00 40 02 0b 64 10 00 7a 02 0b 
0x0400 : 64 10 00 00 00 00 00 10 00 ee 02 0b 64 10 01 28 02 0b 64 00 00 00 00 01 ff ff ff fc 01 00 00 00 02 0b 64 00 00 00 00 0b 64 10 00 40 02 0b 64 10 00 7a 02 00 00 00 00 40 02 0b 64 10 00 7a 02 0b 
0x0440 : 64 10 00 b4 02 0b 64 10 00 ee 02 0b 64 10 01 28 02 0b 64 10 01 62 02 01 ff ff ff fc 01 00 00 00 02 0b 64 10 01 92 02 00 00 00 00 40 02 0b 64 10 00 7a 02 0b 64 10 00 b4 02 0b 64 10 00 ee 02 0b 
0x0480 : 64 10 00 28 02 0b 64 10 01 62 02 01 ff ff ff fc 01 00 00 00 02 0b 64 10 01 92 02 0b 64 10 01 c0 02 09 01 ba 01 00 00 0b 64 10 00 40 02 0b 64 10 00 7a 02 0b 64 10 00 00 00 00 00 10 00 ee 02 0b 
0x04c0 : 64 10 00 28 02 0b 64 00 00 00 00 01 ff ff ff fc 01 00 00 00 02 0b 64 00 00 00 00 0b 64 10 01 c0 02 09 01 00 00 00 00 0b 64 10 00 40 02 0b 64 10 00 7a 02 0b 64 10 00 40 02 0b 64 10 00 7a 02 0b 
0x0500 : 64 10 00 40 02 0b 64 10 00 7a 02 0b 64 10 00 b4 02 0b 64 10 00 ee 02 0b 64 10 01 28 02 0b 64 10 01 62 02 01 ff ff ff fc 01 00 00 00 02 0b 64 10 01 92 02 0b 64 10 00 40 02 0b 64 10 00 7a 02 0b 
0x0540 : 64 10 00 b4 02 0b 64 10 00 ee 02 0b 64 10 01 28 02 0b 64 10 01 62 02 01 ff ff ff fc 01 00 00 00 02 0b 64 10 01 92 02 0b 64 10 01 c0 02 09 01 ba 01 00 00 0b 64 10 00 b4 02 0b 64 10 00 ee 02 0b 
0x0580 : 64 10 01 28 02 0b 64 10 01 62 02 01 ff ff ff fc 01 00 00 00 02 0b 64 10 01 92 02 0b 64 10 01 c0 02 09 01 ba 01 00 00 0b 64 10 00 c0 02 09 01 00 00 00 00 0b 64 10 00 00 00 00 00 0b 64 10 01 00 
0x05c0 : 00 00 00 28 02 0b 64 00 00 00 00 28 02 0b 64 00 00 00 00 00 02 0b 64 00 00 00 00 0b 64 10 01 00 00 00 00 28 02 0b 64 0b 64 10 00 ba 01 00 00 00 00 00 00 0b 64 10 00 00 00 00 00 0b 64 10 01 00 
0x0600 : 00 00 00 00 00 00 00 00 00 00 00 28 02 0b 64 00 00 00 00 c0 02 09 01 00 00 00 00 0b 64 10 00 00 00 00 00 28 02 0b 64 00 00 00 00 40 02 0b 64 10 00 7a 02 0b 64 10 00 b4 02 0b 64 10 00 ee 02 0b 
0x0640 : 64 10 01 28 02 0b 64 10 01 62 02 01 ff ff ff fc 01 00 00 00 02 0b 64 10 01 92 02 00 00 00 00 40 02 0b 64 10 00 7a 02 0b 64 10 00 b4 02 0b 64 10 00 ee 02 0b 64 10 00 28 02 0b 64 10 01 62 02 01 
0x0680 : ff ff ff fc 01 00 00 00 02 0b 64 10 01 92 02 0b 64 10 01 c0 02 09 01 ba 01 00 00 0b 64 10 00 40 02 0b 64 00 00 00 00 0b 64 10 00 00 00 00 00 10 00 ee 02 0b 64 10 00 28 02 0b 64 00 00 00 00 01 
0x06c0 : ff ff ff 00 00 00 00 00 02 0b 64 00 00 00 00 0b 64 10 01 00 00 00 00 28 02 0b 64 00 00 00 00 40 02 0b 64 00 00 00 00 0b 64 10 00 00 00 00 00 10 00 ee 02 0b 64 10 00 40 02 0b 64 10 00 7a 02 0b 
0x0700 : 64 10 00 b4 02 0b 64 10 00 ee 02 0b 64 10 01 28 02 0b 64 10 01 62 02 01 ff ff ff fc 01 00 00 00 02 0b 64 10 01 92 02 0b 64 10 00 40 02 0b 64 10 00 7a 02 0b 64 10 00 b4 02 0b 64 10 00 ee 02 0b 
0x0740 : 64 10 01 28 02 0b 64 10 01 62 02 01 ff ff ff fc 01 00 00 00 02 0b 64 10 01 92 02 0b 64 10 01 c0 02 09 01 ba 01 00 00 0b 64 10 00 b4 02 0b 64 10 00 ee 02 0b 64 10 01 28 02 0b 64 10 01 62 02 01 
0x0780 : ff ff ff fc 01 00 00 00 02 0b 64 10 01 92 02 0b 64 10 01 c0 02 09 01 ba 01 00 00 0b 64 10 00 01 ff ff ff fc 01 00 00 0b 64 10 00 ba 01 00 00 0b 64 10 01 c0 02 09 01 ba 01 00 00 00 00 00 00 40 
0x07c0 : 02 0b 64 10 00 7a 02 0b 64 10 00 ba 01 00 00 10 00 ee 02 00 00 00 00 28 02 0b 64 0b 64 10 00 00 00 ff ff fc 01 00 00 00 02 0b 64 10 01 92 02 0b 64 ba 01 00 00 09 01 ba 01 00 00 00 00 00 00 40 
0x0800 : 02 0b 64 10 00 7a 02 00 00 00 00 40 02 0b 64 10 00 7a 02 00 00 00 00 b4 02 0b 64 00 00 00 00 40 02 0b 64 10 00 7a 02 0b 64 10 00 b4 02 0b 64 10 00 ee 02 0b 64 10 01 28 02 0b 64 10 01 62 02 01 
0x0840 : ff ff ff fc 01 00 00 00 02 0b 64 10 01 92 02 00 00 00 00 40 02 0b 64 10 00 7a 02 0b 64 10 00 b4 02 0b 64 10 00 ee 02 0b 64 10 01 28 02 0b 64 10 01 62 02 01 ff ff ff fc 01 00 00 00 02 0b 64 10 
0x0880 : 01 92 02 0b 64 10 01 c0 02 09 01 ba 01 00 00 10 01 62 02 00 00 00 00 28 02 0b 64 0b 64 10 00 10 01 92 02 00 00 00 00 00 02 0b 64 00 00 00 00 00 00 00 00 00 00 00 00 0b 64 10 01 00 00 00 00 ba 
0x08c0 : 01 00 00 00 00 00 00 40 02 0b 64 00 00 00 00 00 00 00 00 40 02 0b 64 10 00 7a 02 0b 64 10 00 b4 02 0b 64 10 00 ee 02 00 00 00 00 40 02 0b 64 10 00 7a 02 0b 64 10 00 b4 02 0b 64 10 00 ee 02 0b 
0x0900 : 64 10 01 28 02 0b 64 10 01 62 02 01 ff ff ff fc 01 00 00 00 02 0b 64 10 01 92 02 00 00 00 00 40 02 0b 64 10 00 7a 02 0b 64 10 00 b4 02 0b 64 10 00 ee 02 0b 64 10 01 28 02 0b 64 10 01 62 02 01 
0x0940 : ff ff ff fc 01 00 00 00 02 0b 64 10 01 92 02 0b 64 10 01 c0 02 09 01 ba 01 00 00 0b 64 10 00 b4 02 0b 64 10 00 ee 02 0b 64 10 01 28 02 0b 64 10 01 62 02 01 ff ff ff fc 01 00 00 00 02 0b 64 10 
0x0980 : 01 92 02 0b 64 10 01 c0 02 09 01 ba 01 00 00 0b 64 10 00 00 00 00 00 00 00 00 00 00 00 00 00 00 00 00 00 00 00 00 00 00 00 00 00 00 00 00 00 00 02 0b 64 00 00 00 00 ba 01 00 00 c0 02 09 01 fc 
0x09c0 : 01 00 00 00 00 00 00 00 00 00 00 28 02 0b 64 0b 64 10 00 00 00 00 00 0b 64 10 00 00 02 0b 64 00 00 00 00 0b 64 10 01 00 00 00 00 00 00 00 00 00 00 00 00 00 00 00 00 00 00 00 00 c0 02 09 01 00 
0x0a00 : 00 00 00 00 02 0b 64 00 00 00 00 28 02 0b 64 00 00 00 00 40 02 0b 64 10 00 7a 02 0b 64 10 00 b4 02 0b 64 10 00 ee 02 0b 64 10 01 28 02 0b 64 10 01 62 02 01 ff ff ff fc 01 00 00 00 02 0b 64 10 
0x0a40 : 01 92 02 00 00 00 00 40 02 0b 64 10 00 7a 02 0b 64 10 00 b4 02 0b 64 10 00 ee 02 0b 64 10 01 28 02 0b 64 10 01 62 02 01 ff ff ff fc 01 00 00 00 02 0b 64 10 01 92 02 0b 64 10 01 c0 02 09 01 ba 
0x0a80 : 01 00 00 10 01 62 02 00 00 00 00 fc 01 00 00 00 00 00 00 10 01 92 02 00 00 00 00 40 02 0b 64 00 00 00 00 00 00 00 00 00 00 00 00 00 00 00 00 0b 64 10 00 00 00 00 00 00 00 00 00 00 00 00 00 00 
0x0ac0 : 00 00 00 00 00 00 00 00 00 00 00 00 00 00 00 00 00 00 00 00 00 00 00 00 00 00 00 00 00 00 00 40 02 0b 64 10 00 7a 02 0b 64 10 00 b4 02 0b 64 10 00 ee 02 0b 64 10 01 28 02 0b 64 10 01 62 02 01 
0x0b00 : ff ff ff fc 01 00 00 00 02 0b 64 10 01 92 02 00 00 00 00 40 02 0b 64 10 00 7a 02 0b 64 10 00 b4 02 0b 64 10 00 ee 02 0b 64 10 01 28 02 0b 64 10 01 62 02 01 ff ff ff fc 01 00 00 00 02 0b 64 10 
0x0b40 : 01 92 02 0b 64 10 01 c0 02 09 01 ba 01 00 00 00 00 00 00 00 00 00 00 00 00 00 00 00 00 00 00 00 00 00 00 00 00 00 00 00 00 00 00 fc 01 00 00 00 02 0b 64 00 00 00 00 0b 64 10 01 c0 02 09 01 00 
0x0b80 : 00 00 00 0b 64 10 00 00 00 00 00 fc 01 00 00 00 00 00 00 10 01 92 02 00 00 00 00 c0 02 09 01 00 00 00 00 0b 64 10 00 00 00 00 00 ba 01 00 00 0b 64 10 00 b4 02 0b 64 00 00 00 00 0b 64 10 01 00 
0x0bc0 : 00 00 00 00 00 00 00 00 00 00 00 fc 01 00 00 00 00 00 00 10 01 92 02 00 00 00 00 c0 02 09 01 00 00 00 00 0b 64 10 00 00 00 00 00 ba 01 00 00 0b 64 10 00 ba 01 00 00 00 00 00 00 0b 64 10 01 00 
0x0c00 : 00 00 00 00 00 00 00 40 02 0b 64 10 00 7a 02 0b 64 10 00 b4 02 0b 64 10 00 ee 02 0b 64 10 01 28 02 0b 64 10 01 62 02 01 ff ff ff fc 01 00 00 00 02 0b 64 10 01 92 02 00 00 00 00 40 02 0b 64 10 
0x0c40 : 00 7a 02 0b 64 10 00 b4 02 0b 64 10 00 ee 02 0b 64 10 01 28 02 0b 64 10 01 62 02 01 ff ff ff fc 01 00 00 00 02 0b 64 10 01 92 02 0b 64 10 01 c0 02 09 01 ba 01 00 00 10 01 62 02 01 ff ff ff 28 
0x0c80 : 02 0b 64 00 02 0b 64 10 01 92 02 0b 64 10 01 00 02 0b 64 ba 01 00 00 00 00 00 00 c0 02 09 01 00 00 00 00 0b 64 10 00 00 00 00 00 10 00 ee 02 00 00 00 00 28 02 0b 64 00 00 00 00 01 ff ff ff 00 
0x0cc0 : 00 00 00 00 02 0b 64 00 00 00 00 0b 64 10 01 0b 64 10 00 ba 01 00 00 10 00 7a 02 0b 64 10 00 b4 02 0b 64 10 00 ee 02 0b 64 10 01 28 02 0b 64 10 01 62 02 01 ff ff ff fc 01 00 00 00 02 0b 64 10 
0x0d00 : 01 92 02 0b 64